[gd_scene load_steps=10 format=2]

[ext_resource path="res://Imported_Mesh/snake.glb" type="PackedScene" id=1]
[ext_resource path="res://snake.gd" type="Script" id=2]
[ext_resource path="res://Materials/rod.tres" type="Material" id=3]
[ext_resource path="res://Entities/Bullets/Laser.tscn" type="PackedScene" id=4]
[ext_resource path="res://Entities/Bullets/LaserParticles.tscn" type="PackedScene" id=5]
[ext_resource path="res://snakehead.gd" type="Script" id=6]
[ext_resource path="res://snakesphere.tscn" type="PackedScene" id=7]

[sub_resource type="SphereShape" id=1]
radius = 11.7821

[sub_resource type="SphereShape" id=2]
radius = 7.55879

[node name="snake" type="Spatial"]
script = ExtResource( 2 )

[node name="snake" parent="." instance=ExtResource( 1 )]

[node name="Bone003" parent="snake/Armature/Bone/Bone001/Bone002" index="0"]
transform = Transform( 0.945838, -0.32464, 1.40626e-08, 0.32464, 0.945837, 4.8267e-09, -1.48679e-08, 1.53211e-14, 1, 1.51268e-15, 9.76571, 2.28498e-13 )

[node name="Bone004" parent="snake/Armature/Bone/Bone001/Bone002/Bone003" index="0"]
transform = Transform( 0.977421, -0.211298, -4.32577e-08, 0.211298, 0.977421, 1.31325e-07, 1.45322e-08, -1.375e-07, 1, 5.58788e-09, 10.2072, 1.80134e-14 )

[node name="Sphere005" parent="snake/Armature/Bone/Bone001/Bone002/Bone003/Bone004/Bone005" index="0" instance=ExtResource( 7 )]
transform = Transform( 0.876046, 0.482228, -3.96716e-08, -0.482228, 0.876046, 1.83296e-09, 3.5638e-08, 1.7525e-08, 1, -0.16234, 11.3144, -7.9044e-06 )

[node name="KinematicBody" type="KinematicBody" parent="snake/Armature/Bone/Bone001/Bone002/Bone003/Bone004/Bone005" index="1"]
transform = Transform( 1, -2.98023e-08, 2.13163e-14, 2.98023e-08, 1, 5.32907e-15, 0, 5.32907e-15, 1, -0.438921, 11.5813, 2.54748e-07 )
script = ExtResource( 6 )

[node name="CollisionShape" type="CollisionShape" parent="snake/Armature/Bone/Bone001/Bone002/Bone003/Bone004/Bone005/KinematicBody"]
transform = Transform( 1, -2.98023e-08, 4.26326e-14, 2.98023e-08, 1, 5.32907e-15, 0, 5.32907e-15, 1, 0, 0, 0 )
shape = SubResource( 1 )

[node name="Laser" parent="snake/Armature/Bone/Bone001/Bone002/Bone003/Bone004/Bone005/KinematicBody" instance=ExtResource( 4 )]
transform = Transform( 1, -2.98023e-08, 4.26326e-14, 2.98023e-08, 1, 5.32907e-15, 0, 5.32907e-15, 1, 0, 0, 0 )

[node name="Particles" parent="snake/Armature/Bone/Bone001/Bone002/Bone003/Bone004/Bone005/KinematicBody" instance=ExtResource( 5 )]

[node name="Sphere004" parent="snake/Armature/Bone/Bone001/Bone002/Bone003/Bone004" index="1"]
material_override = ExtResource( 3 )

[node name="KinematicBody" type="KinematicBody" parent="snake/Armature/Bone/Bone001/Bone002/Bone003/Bone004/Sphere004" index="0"]
collision_mask = 0

[node name="CollisionShape" type="CollisionShape" parent="snake/Armature/Bone/Bone001/Bone002/Bone003/Bone004/Sphere004/KinematicBody"]
shape = SubResource( 2 )

[node name="Sphere003" parent="snake/Armature/Bone/Bone001/Bone002/Bone003" index="1"]
material_override = ExtResource( 3 )

[node name="KinematicBody2" type="KinematicBody" parent="snake/Armature/Bone/Bone001/Bone002/Bone003/Sphere003" index="0"]
transform = Transform( 0.999742, -0.0227117, -1.01365e-07, 0.0227118, 0.999742, -4.46182e-08, 1.02352e-07, 4.23046e-08, 1, 0, 0, 0 )
collision_mask = 0

[node name="CollisionShape" type="CollisionShape" parent="snake/Armature/Bone/Bone001/Bone002/Bone003/Sphere003/KinematicBody2"]
shape = SubResource( 2 )

[node name="Sphere002" parent="snake/Armature/Bone/Bone001/Bone002" index="1"]
material_override = ExtResource( 3 )

[node name="KinematicBody3" type="KinematicBody" parent="snake/Armature/Bone/Bone001/Bone002/Sphere002" index="0"]
transform = Transform( 0.999258, -0.0385047, -1.04212e-07, 0.0385048, 0.999258, -3.81206e-08, 1.05603e-07, 3.40796e-08, 1, 0, 0, 0 )
collision_mask = 0

[node name="CollisionShape" type="CollisionShape" parent="snake/Armature/Bone/Bone001/Bone002/Sphere002/KinematicBody3"]
shape = SubResource( 2 )

[node name="Sphere001" parent="snake/Armature/Bone/Bone001" index="1"]
material_override = ExtResource( 3 )

[node name="KinematicBody4" type="KinematicBody" parent="snake/Armature/Bone/Bone001/Sphere001" index="0"]
transform = Transform( 0.999186, -0.0403277, -1.04388e-07, 0.0403278, 0.999186, -3.83108e-08, 1.05848e-07, 3.40699e-08, 1, 0, 0, 0 )
collision_mask = 0

[node name="CollisionShape" type="CollisionShape" parent="snake/Armature/Bone/Bone001/Sphere001/KinematicBody4"]
shape = SubResource( 2 )

[node name="Sphere" parent="snake/Armature/Bone" index="1"]
material_override = ExtResource( 3 )

[node name="KinematicBody5" type="KinematicBody" parent="snake/Armature/Bone/Sphere" index="0"]
transform = Transform( 0.999186, -0.0403277, -1.04388e-07, 0.0403278, 0.999186, -3.83108e-08, 1.05848e-07, 3.40699e-08, 1, 0, 0, 0 )
collision_mask = 0

[node name="CollisionShape" type="CollisionShape" parent="snake/Armature/Bone/Sphere/KinematicBody5"]
shape = SubResource( 2 )

[editable path="snake"]
