[gd_scene load_steps=5 format=2]

[ext_resource path="res://Entities/Props/copcar.tscn" type="PackedScene" id=1]
[ext_resource path="res://Entities/Enemies/E_Cop_Shotgun.tscn" type="PackedScene" id=3]
[ext_resource path="res://Entities/Enemies/E_Cop_Revolver.tscn" type="PackedScene" id=4]
[ext_resource path="res://Entities/Props/coplight.tscn" type="PackedScene" id=5]

[node name="CopCrew" type="Spatial"]

[node name="Cop_Revolver" parent="." instance=ExtResource( 4 )]
transform = Transform( 1, 0, 0, 0, 1, 0, 0, 0, 1, 5.05037, 0, -6.97742 )

[node name="Cop_Revolver2" parent="." instance=ExtResource( 4 )]
transform = Transform( 1, 0, 0, 0, 1, 0, 0, 0, 1, 2.20707, 0, 0.0377793 )

[node name="Cop_Shotgun" parent="." instance=ExtResource( 3 )]
transform = Transform( 1, 0, 0, 0, 1, 0, 0, 0, 1, 3.97292, 0, 6.80001 )

[node name="Cop_Shotgun2" parent="." instance=ExtResource( 3 )]
transform = Transform( 1, 0, 0, 0, 1, 0, 0, 0, 1, -0.0318823, 0, -7.28171 )

[node name="StaticBody" parent="." instance=ExtResource( 1 )]
transform = Transform( 0.0664828, 0, -0.997788, 0, 1, 0, 0.997788, 0, 0.0664828, 2.96608, -0.288216, -3.27573 )

[node name="StaticBody2" parent="." instance=ExtResource( 1 )]
transform = Transform( 0.59332, 0, -0.804966, 0, 1, 0, 0.804966, 0, 0.59332, 3.392, -0.288216, 3.11661 )

[node name="Spatial" parent="." instance=ExtResource( 5 )]
transform = Transform( 0.0664828, 0, -0.997788, 0, 1, 0, 0.997788, 0, 0.0664828, 2.85354, 0.825908, -3.04819 )

[node name="Spatial2" parent="." instance=ExtResource( 5 )]
transform = Transform( 0.0664828, 0, -0.997788, 0, 1, 0, 0.997788, 0, 0.0664828, 3.28339, 0.825908, 3.40315 )
